20201205 0737 8 1 0859 000 000000636647 0000005000.00 01                              Evento Teleto
20201205 0739 8 1 0859 000 000000636967 0000003000.00 01                              Evento Teleto
20201205 0743 4 1 0870 000 000000022158 0000000695.00 01                                           
20201205 0744 4 1 0870 000 000000022310 0000000719.00 01                                           
20201205 0745 4 1 0870 000 000000022391 0000001000.00 01                                           
20201205 0748 4 1 0870 000 000000023101 0000001000.00 01                                           
20201205 0748 7 1 0859 000 000000638633 0000000010.00 01                              Tamaulipas   
20201205 0749 1 1 0243 000 000000241083 0000000001.00 15                              ""           
20201205 0753 1 4 0859 999 000000639484 0000000010.00 01                              Donativo Tele

20201205073781085900000000063664700000050000001